[NPT a-opt] <Lx,Ly,Lz>=(7.135183, 7.135183, 7.135183) Å -> a_T=3.567592 Å @ 100 K
100K C (GPa) via central difference =
 [[ 950.65992331  159.1346438   166.69878241   11.71940624  -22.84866809
    -5.41238097]
 [ 159.1346438   987.04535687  148.71277972  -13.59548549   13.05152314
    -3.67765816]
 [ 166.69878241  148.71277972 1003.40312393   -2.02089371   -8.0679209
    10.14025099]
 [  11.71940624  -13.59548549   -2.02089371  665.24347758    6.17600981
     5.7945886 ]
 [ -22.84866809   13.05152314   -8.0679209     6.17600981  641.28481102
    -1.13279247]
 [  -5.41238097   -3.67765816   10.14025099    5.7945886    -1.13279247
   665.94867197]]
[NPT a-opt] <Lx,Ly,Lz>=(7.143551, 7.143551, 7.143551) Å -> a_T=3.571776 Å @ 300 K
300K C (GPa) via central difference =
 [[ 9.55744892e+02  1.75071479e+02  1.71998858e+02  4.14383499e+00
   9.00830231e-01 -1.29733162e+01]
 [ 1.75071479e+02  9.74861834e+02  1.83297689e+02  1.83446874e+01
  -1.40158313e+01 -2.69419858e+00]
 [ 1.71998858e+02  1.83297689e+02  8.99871976e+02 -2.29744062e+01
   2.03976895e+01 -1.36449406e+01]
 [ 4.14383499e+00  1.83446874e+01 -2.29744062e+01  6.88769140e+02
  -7.75524975e-01  6.88575284e+00]
 [ 9.00830231e-01 -1.40158313e+01  2.03976895e+01 -7.75524975e-01
   6.87583455e+02 -6.08440340e+00]
 [-1.29733162e+01 -2.69419858e+00 -1.36449406e+01  6.88575284e+00
  -6.08440340e+00  6.49380002e+02]]
[NPT a-opt] <Lx,Ly,Lz>=(7.152189, 7.152189, 7.152189) Å -> a_T=3.576094 Å @ 500 K
500K C (GPa) via central difference =
 [[ 9.22843329e+02  1.84413556e+02  1.33586542e+02 -2.68341303e+01
  -3.86128955e+01  9.95264442e+00]
 [ 1.84413556e+02  9.30509847e+02  2.44586443e+02 -9.93336140e+00
   9.07791908e+01  6.05029757e+00]
 [ 1.33586542e+02  2.44586443e+02  8.71742387e+02  6.59356502e+00
  -4.51251334e+00 -1.36462483e+01]
 [-2.68341303e+01 -9.93336140e+00  6.59356502e+00  6.29048801e+02
   2.00122705e+01  5.84136148e-01]
 [-3.86128955e+01  9.07791908e+01 -4.51251334e+00  2.00122705e+01
   7.22854203e+02 -2.01842017e+01]
 [ 9.95264442e+00  6.05029757e+00 -1.36462483e+01  5.84136148e-01
  -2.01842017e+01  6.84001376e+02]]
[NPT a-opt] <Lx,Ly,Lz>=(7.161428, 7.161428, 7.161428) Å -> a_T=3.580714 Å @ 700 K
700K C (GPa) via central difference =
 [[ 8.35029864e+02  1.13516380e+02  1.65315483e+02  2.54301480e+01
  -2.66752661e+01 -2.74444760e+01]
 [ 1.13516380e+02  8.46051761e+02  1.85085916e+02 -1.35962188e+01
  -3.84316245e+01  8.63993133e+00]
 [ 1.65315483e+02  1.85085916e+02  8.50933504e+02 -1.74402032e+01
   3.87625428e+01 -1.97855043e+01]
 [ 2.54301480e+01 -1.35962188e+01 -1.74402032e+01  6.45718293e+02
   7.58516422e+00  6.57359481e-01]
 [-2.66752661e+01 -3.84316245e+01  3.87625428e+01  7.58516422e+00
   6.59594193e+02 -6.96210590e+00]
 [-2.74444760e+01  8.63993133e+00 -1.97855043e+01  6.57359481e-01
  -6.96210590e+00  6.52736916e+02]]

[NPT a-opt] <Lx,Ly,Lz>=(7.171598, 7.171598, 7.171598) Å -> a_T=3.585799 Å @ 900 K
900K C (GPa) via central difference =
 [[920.80158097 210.33567667 232.46266267   8.86990917   2.1045573
  -20.88394088]
 [210.33567667 882.68158041 235.59940012  -1.59820976 -61.84534843
  -32.82426762]
 [232.46266267 235.59940012 897.00687694 -68.85190131 -34.23118294
  -18.44468451]
 [  8.86990917  -1.59820976 -68.85190131 640.08397036  31.98638752
  -10.71950885]
 [  2.1045573  -61.84534843 -34.23118294  31.98638752 620.10314765
  -16.78781202]
 [-20.88394088 -32.82426762 -18.44468451 -10.71950885 -16.78781202
  574.77044768]]

[NPT a-opt] <Lx,Ly,Lz>=(10.755777, 10.755777, 10.755777) Å -> a_T=3.585259 Å @ 900 K
900K C (GPa) via central difference =
 [[ 8.44072911e+02  1.96192137e+02  1.92887467e+02 -1.79865999e+01
   8.37217765e+00 -5.57035386e-01]
 [ 1.96192137e+02  8.39083676e+02  1.73473392e+02  4.24418513e+00
  -1.44132234e+01  3.23034102e+01]
 [ 1.92887467e+02  1.73473392e+02  8.72582387e+02  6.97941361e+00
  -7.97536553e+00  1.18799223e+01]
 [-1.79865999e+01  4.24418513e+00  6.97941361e+00  6.26748902e+02
  -2.46520083e+01  1.23856212e+00]
 [ 8.37217765e+00 -1.44132234e+01 -7.97536553e+00 -2.46520083e+01
   6.18130945e+02 -6.77854586e+00]
 [-5.57035386e-01  3.23034102e+01  1.18799223e+01  1.23856212e+00
  -6.77854586e+00  6.10091118e+02]]

C11 = [ 950.65992331  987.04535687 1003.40312393, 9.55744892e+02 9.74861834e+02 8.99871976e+02, 9.22843329e+02 9.30509847e+02 8.71742387e+02, 8.35029864e+02 8.46051761e+02 8.50933504e+02, 8.44072911e+02 8.39083676e+02 8.72582387e+02 ]
